77
74
76
79
78
78
78
75
75
78
77
76
74
77
77
77
78
78
77
78
77
77
74
74
75
79
75
77
76
77
77
74
75
78
75
79
76
79
76
80
77
80
76
75
78
77
78
80
76
80
76
76
75
75
78
79
79
79
78
79
75
75
74
79
76
78
75
75
80
75
74
75
77
75
80
79
76
76
74
75
75
80
78
78
75
77
79
77
79
80
76
79
80
77
78
74
76
75
79
77
74
75
77
78
78
76
78
80
76
77
78
80
80
74
78
77
78
77
75
78
75
74
76
77
79
80
75
75
78
78
76
75
76
74
78
76
74
77
77
80
74
75
79
77
78
79
78
76
74
74
80
80
76
79
79
80
75
80
79
79
78
76
78
76
74
77
80
74
76
77
78
77
79
78
79
80
74
78
78
79
78
79
77
76
75
79
74
76
77
75
76
74
76
78
76
79
79
77
80
74
77
80
80
76
78
77
78
77
79
75
